((20,19),(16,17))
((((((18,13),10),((((4,1),10),12),(9,5))),((17,(14,(11,15))),2)),((((20,10),8),3),((2,1),5))),((((18,8),(12,4)),(((16,11),3),3)),((7,10),((((5,7),(15,6)),(4,1)),((4,1),3)))))
((((20,5),(13,1)),((11,14),(2,10))),(((16,3),(8,7)),(((17,10),15),((19,(12,3)),(6,1)))))
((((((9,9),11),(12,16)),(((((3,3),14),12),(1,11)),((10,2),1))),(13,5)),((((8,10),(14,20)),7),(4,6)))
((((19,3),((19,1),10)),8),((((17,20),9),((11,4),(1,10))),(((18,7),3),(19,16))))
(19,(17,18))
(11,(((5,(15,((6,14),2))),13),12))
(((((4,6),(1,3)),((13,14),15)),((1,3),(10,17))),(((9,10),((7,11),(8,16))),((5,(2,18)),((12,19),20))))
(((((12,17),3),((9,17),19)),16),(((((11,(10,4)),18),(14,20)),(8,1)),((2,16),(((7,10),19),(3,1)))))
((((((20,8),(17,1)),(16,1)),(18,3)),(((11,13),11),((5,12),(10,7)))),((((((19,3),5),((1,9),2)),(14,15)),((18,15),((4,10),7))),(((18,14),1),(((3,12),(10,9)),(((8,2),3),((4,10),6))))))
((((((20,10),(4,15)),3),((7,14),12)),(((17,9),1),(11,10))),(13,(((((18,3),1),(9,5)),(8,2)),(((18,19),6),16))))
((((1,2),((10,20),6)),(17,18)),(((3,(10,12)),((1,18),(19,19))),((8,((3,5),(13,11))),(((7,4),16),(((9,15),3),(14,15))))))
(((7,(3,20)),((10,3),18)),(((1,16),10),((((4,(9,8)),1),19),(11,17))))
((((((20,10),(18,1)),(18,14)),(19,6)),(((18,4),(17,6)),(((20,8),(4,9)),(13,7)))),(((((17,5),3),(15,8)),((10,12),2)),((((20,15),(7,12)),(((16,14),((1,9),13)),((19,3),15))),(16,(19,2)))))
((((((17,3),(3,8)),(1,5)),(((19,4),10),(10,6))),(((1,2),(9,10)),(7,9))),(((((16,2),10),((8,1),(7,15))),(((9,(14,12)),((6,14),(10,13))),((7,8),3))),(((3,(15,3)),(1,5)),((((20,13),(20,10)),(1,3)),(1,12)))))
((15,((5,14),19)),(((6,((12,4),11)),((6,2),(18,20))),(17,((13,2),16))))
(((((19,12),(14,14)),((2,9),3)),((4,(15,11)),((11,1),7))),((((5,6),(5,10)),((2,3),(4,8))),(((6,12),2),((18,(13,1)),((13,15),10)))))
((((6,(8,17)),(7,18)),((15,19),((2,7),(4,3)))),(((((12,10),8),(10,20)),14),(((11,9),1),((13,5),(1,3)))))
(((((7,6),4),5),(((3,10),2),((11,17),20))),(((((3,13),15),(14,5)),((8,19),19)),(((9,12),1),((10,20),(1,20)))))
((((18,(11,4)),((5,3),8)),(17,((16,3),(7,10)))),(((((19,20),14),(2,1)),(12,1)),((15,10),9)))
((20,(17,19)),(18,16))
((((2,13),18),((15,10),((1,16),10))),(((1,20),19),(((((6,4),(8,7)),(3,17)),3),(5,9))))
((((((2,(10,18)),9),5),19),13),((((3,7),17),8),(((((11,15),12),16),(((14,20),1),10)),((6,3),1))))
(((((19,5),7),(12,(10,1))),(((16,13),(6,12)),(15,13))),(((((18,20),17),((14,1),9)),10),(((19,3),8),((2,4),3))))
((((((11,9),16),(12,20)),((1,19),(10,6))),(5,(15,18))),((((4,10),(3,7)),(14,(17,20))),(((8,19),2),((1,16),(3,13)))))
((((((8,20),3),(3,(6,20))),(4,16)),(((7,4),(9,18)),(((8,19),13),1))),(((9,10),((10,15),((3,11),1))),((((10,17),4),(1,5)),((1,7),(10,15)))))
(11,(12,((6,3),((12,1),(((2,((10,8),(10,1))),15),(((5,7),(13,4)),((14,3),9)))))))
(16,((17,9),((20,18),((10,14),(1,((((11,10),2),(((8,5),(3,1)),((6,15),(13,12)))),((8,7),((7,4),3))))))))
(((((9,18),(4,16)),((8,17),20)),(1,1)),(((((6,10),10),(7,18)),((2,13),((15,5),15))),((11,3),3)))
((((20,3),(18,3)),((1,11),(10,7))),(10,((1,8),(16,(17,9)))))
(((((2,10),((3,10),9)),((14,8),(9,16))),(((13,3),7),((5,18),(10,1)))),(((((12,8),(3,4)),(1,19)),((15,20),((1,1),3))),(((14,12),(10,17)),((6,7),(11,20)))))
((((11,8),((7,3),(1,20))),((9,14),(1,6))),(((((3,20),(15,2)),(5,19)),(4,13)),((17,16),(((10,10),(12,18)),16))))
((((16,5),(6,3)),(15,12)),(((((19,(13,4)),8),(1,(10,11))),(((18,17),10),((14,7),(1,9)))),((((20,12),18),(2,4)),3)))
(((((11,14),4),(10,17)),((2,1),((3,9),(1,18)))),((11,((13,(3,(19,18))),(6,10))),(12,((15,7),8))))
((((8,5),(2,3)),((((1,3),(13,18)),(13,(11,19))),(((10,7),(10,3)),17))),((((3,(10,20)),(8,16)),((1,1),(6,4))),(((9,11),1),(((7,12),((10,14),5)),((6,2),(12,((14,9),15)))))))
((((18,14),12),(((((4,15),11),(2,15)),((6,14),(12,5))),((12,2),13))),(((17,14),(13,4)),(2,(6,11))))
(20,16)
(((((19,20),7),((18,12),(6,14))),5),((17,(((4,13),3),(10,2))),(((11,1),(10,1)),(((16,8),6),(9,(3,15))))))
((((11,16),1),(2,14)),(((8,7),(3,(10,12))),(((3,19),4),((((9,4),1),14),((10,12),20)))))
((19,16),(20,(17,16)))
((((((11,18),(8,3)),(15,20)),(4,16)),((5,13),((2,17),18))),(((((7,19),1),(1,(17,16))),(19,19)),((((9,18),(10,6)),3),((((10,19),14),((18,20),17)),(((12,19),16),(16,20))))))
(11,(((3,((((6,(7,9)),(8,(1,10))),(14,(((12,10),2),(2,(13,3))))),(5,((4,4),1)))),15),9))
(((((9,1),(((10,20),20),(8,16))),(1,(10,7))),((10,3),17)),((((5,3),1),((((11,2),9),(14,8)),((13,(7,18)),((4,19),1)))),((12,((15,4),10)),(6,(3,3)))))
((((10,18),((10,6),7)),((9,11),13)),((20,20),((((1,(1,5)),17),(3,19)),((3,(8,15)),(4,16)))))
((15,(10,(4,16))),((((6,12),3),(((9,7),(16,20)),11)),(((13,8),14),(1,5))))
((19,17),(16,20))
(((((18,10),16),3),(((19,11),(4,8)),((1,15),1))),((((3,13),5),((20,12),(20,7))),(((17,14),6),(10,(9,2)))))
(((((16,9),4),((19,8),(5,13))),((3,2),(3,15))),(((20,1),(17,(10,6))),((12,14),(((18,10),11),(7,1)))))
(((14,7),(18,20)),((((((12,1),10),(13,10)),6),(((5,19),8),4)),(((9,(3,18)),(1,11)),((2,3),(15,16)))))
((((((11,(6,18)),(((7,1),20),20)),((10,4),(4,16))),(3,16)),(((14,3),9),(((1,7),(8,19)),(18,17)))),((((((2,11),((8,5),12)),((12,3),15)),((6,3),7)),(((((13,2),(10,14)),(4,10)),(3,13)),(((10,1),5),((4,3),(15,13))))),(((((5,1),3),((1,10),(1,19))),((10,3),(10,19))),(((((8,10),11),8),((9,1),(7,1))),((9,13),(9,6))))))
((((((20,16),(12,11)),(((17,8),7),(18,7))),(((19,9),(19,((6,10),3))),(((17,14),(14,3)),(10,1)))),(((16,9),((2,14),2)),(((19,(8,1)),(12,4)),18))),(((16,(13,1)),(5,3)),((((16,(11,10)),((19,2),(14,4))),((18,19),(14,3))),((((17,10),12),((2,6),1)),(12,1)))))
((((4,(6,17)),8),(1,16)),(((10,3),20),((((1,7),((3,13),5)),((10,12),(((9,2),14),19))),(11,(20,16)))))
((((15,10),18),19),(((((5,1),(9,20)),((2,12),16)),(((6,1),3),(4,10))),(((13,17),(14,(3,19))),((8,18),18))))
((((16,7),(10,12)),3),(((20,(3,6)),((9,1),(3,13))),((10,5),(((8,1),6),(2,(14,15))))))
(((20,(3,3)),(((18,4),(12,1)),14)),(((11,1),1),((((19,8),((9,1),9)),((15,(3,10)),(10,8))),((7,10),((17,6),((2,10),(13,7)))))))
(((((20,(19,9)),14),(12,6)),(((7,4),(1,10)),((1,3),13))),(((18,8),2),(((16,11),(3,6)),(((19,10),15),(17,5)))))
((((12,3),((15,20),((13,4),8))),(9,1)),(((2,(7,17)),((5,10),((18,17),16))),(((2,6),(14,11)),(18,19))))
(((17,18),20),(16,19))
((((((12,10),3),((7,17),3)),(8,1)),(9,1)),((4,((2,16),(14,(10,18)))),((5,(6,11)),13)))
((4,11),(11,((4,4),4)))
(((((5,(14,17)),(12,2)),((13,16),(6,3))),(((2,1),11),(5,7))),((((6,16),((9,10),1)),(3,18)),(((((6,6),((20,19),20)),(4,11)),(10,20)),((14,8),((15,5),(12,19))))))
((((10,20),(3,8)),(1,((3,16),(10,19)))),((1,(9,(4,18))),18))
(((((16,10),(11,13)),(((18,10),(12,8)),7)),(3,(1,1))),(((((20,3),(14,3)),(17,7)),(((((11,3),1),11),((4,2),(9,1))),((4,4),((15,10),10)))),((8,9),(6,5))))
((16,(17,17)),(((19,18),18),(20,20)))
((((7,(8,12)),((9,14),17)),((15,19),18)),((5,((10,2),16)),(((4,(10,3)),(1,13)),((4,(3,(1,6))),11))))
(11,((14,3),((((15,10),(5,4)),(7,3)),(((13,6),(9,(1,1))),((12,2),((2,8),10))))))
(((((14,(15,8)),(6,10)),7),(12,(13,20))),(((3,17),(10,18)),(((5,(9,(1,11))),((3,1),19)),(11,(2,17)))))
(((((10,(8,13)),((10,10),(1,15))),1),(((7,18),(6,16)),(9,19))),((((3,11),(14,16)),(8,12)),(((7,3),(4,5)),((((1,10),((9,3),1)),(2,20)),(3,20)))))
((((16,4),(11,11)),(((((20,16),(9,10)),((11,6),(13,8))),((15,2),15)),(((19,3),17),(7,12)))),((((4,2),(3,1)),(10,14)),((((18,4),5),(5,12)),(14,1))))
((((20,(16,19)),(13,3)),((17,10),1)),(((((19,3),7),(17,2)),((16,20),(10,9))),((((18,11),12),14),((((5,4),15),1),(6,8)))))
(((((1,3),4),((10,1),6)),((10,((12,20),11)),((5,1),(12,16)))),(((10,2),(10,18)),(((((7,1),(8,14)),9),(11,17)),(((((1,6),3),(10,10)),(1,3)),((((8,9),((13,14),(15,3))),(5,19)),((3,13),(7,3)))))))
(((((11,16),(4,1)),(15,1)),((((14,19),(16,18)),((7,20),18)),(6,(6,3)))),((13,(3,10)),(((12,10),2),((((13,20),(8,9)),(5,18)),5))))
(((((5,16),19),(((12,3),10),(3,11))),(2,14)),((((8,11),16),(1,(1,(17,18)))),(((5,13),(9,17)),((6,7),(10,4)))))
(((((11,3),(14,17)),(10,2)),(((11,5),3),(1,4))),(((4,12),18),(((10,5),6),(((1,13),17),(15,19)))))
((20,18),(17,(19,16)))
(((((17,10),(18,5)),15),(((13,3),(6,10)),((13,1),9))),((((19,3),(12,1)),((14,7),(4,11))),((20,16),(2,8))))
((20,18),((16,(19,19)),((17,19),19)))
(((20,20),((16,19),((17,18),(18,17)))),(19,(((16,18),((18,18),17)),(17,19))))
((19,16),((19,20),(17,18)))
(((((20,14),(5,(6,4))),(8,7)),((16,11),2)),((((19,1),4),(((15,14),(13,(12,(12,10)))),((9,3),3))),(((18,(9,1)),((17,14),15)),2)))
((((((19,4),((6,1),3)),((1,7),(11,12))),(((18,3),9),(3,14))),((((13,11),(10,8)),((11,3),13)),(((14,10),7),((5,1),4)))),(((((17,2),(12,12)),(6,10)),(10,10)),((((16,3),(5,9)),((15,2),(11,6))),((2,11),((1,8),(15,1))))))
((((((16,4),14),6),((10,(11,13)),((4,11),11))),((7,14),9)),((((((17,2),(3,1)),(((12,2),(15,12)),(13,9))),(((15,5),(14,10)),((1,5),(13,12)))),((2,10),((6,3),1))),((((8,8),(11,1)),(6,3)),(((19,6),(10,6)),((5,3),7)))))
(((16,19),(((17,6),(1,12)),(18,8))),(((11,9),(3,(1,15))),(10,(((20,13),(17,10)),(((7,14),3),(2,5))))))
(((((17,6),1),((18,1),(3,15))),((((19,14),(3,4)),(11,2)),(10,9))),((7,(12,5)),((18,10),(((19,13),8),5))))
(11,((((((10,10),9),(7,(6,15))),(3,13)),((3,4),(1,8))),(1,5)))
(19,(17,18))
(((15,(((5,9),1),4)),(12,(3,(10,19)))),((2,3),((1,(4,16)),((6,8),((14,20),(7,10))))))
(11,(((((9,1),(1,9)),(((((15,10),(10,8)),7),(((13,(3,3)),(6,3)),((14,7),1))),((12,(10,1)),(8,3)))),5),10))
((2,17),(((((12,15),13),14),(4,(11,20))),((5,(11,16)),(6,18))))
((((17,(16,9)),(((11,8),10),(7,1))),3),(1,(19,(((18,10),16),3))))
((((13,(3,1)),((9,1),(8,3))),(((((5,3),11),(1,10)),16),(((1,3),10),(10,19)))),(((10,20),8),((((6,7),9),(4,18)),((15,4),7))))
(((((15,11),(8,17)),3),(((14,1),2),(12,7))),(((13,(9,(1,10))),((6,11),(3,(20,16)))),((5,(16,(20,18))),((10,19),4))))
(((((20,5),(20,15)),((3,12),11)),((16,10),(19,(1,14)))),((((3,11),6),((((1,13),9),2),4)),(((16,16),8),((18,7),17))))
(((((9,17),10),((1,10),18)),((1,19),13)),((((7,16),(3,2)),(((3,14),20),((8,(12,6)),5))),((11,4),16)))
(11,(10,(8,(((((3,13),6),(3,(4,12))),(10,2)),((9,1),(((7,1),(5,14)),2))))))
((((16,10),(11,7)),((20,4),(5,1))),(((19,(15,8)),((2,6),(1,3))),((((14,13),(10,3)),9),12)))
(((10,(1,(3,20))),(3,10)),(((4,8),((7,9),17)),((11,18),((1,19),16))))
((((17,20),(18,20)),(16,18)),(16,((16,(19,17)),(19,20))))
(16,(20,20))
(11,(3,((5,2),((((9,8),(10,10)),3),((((7,1),(5,14)),(1,4)),(6,((13,15),12)))))))
