((20,16),(17,19))
((((18,18),17),(20,16)),(((((5,15),(2,(14,12))),((4,(4,4)),((((10,1),3),(3,(10,1))),(9,(8,7))))),11),((((12,2),(((5,5),15),(13,6))),(4,(((3,(10,1)),(3,(10,1))),(8,7)))),11)))
(((20,16),(17,19)),(11,(((2,(12,14)),((5,15),(13,6))),((8,7),((3,(1,10)),((1,10),3))))))
((((4,(((7,8),(9,9)),((3,(1,10)),((10,1),3)))),((2,((14,12),(14,12))),((13,6),5))),(11,11)),(16,20))
((((17,18),(19,(19,19))),(16,20)),(11,(4,(((3,(1,10)),(3,(1,10))),((8,7),9)))))
((((11,11),11),(((((7,8),9),(((1,10),3),((1,10),3))),(4,4)),(((12,14),2),(6,13)))),(((18,17),19),(16,20)))
((11,((((9,(7,8)),((3,(10,1)),((1,10),3))),4),(((5,15),(6,13)),(2,(12,14))))),((20,16),((17,18),19)))
((((((13,6),(5,15)),((14,12),2)),((9,(8,7)),(((1,10),3),(3,(10,1))))),11),(((20,20),16),((18,17),(19,(18,17)))))
((((4,(((1,10),3),(3,(10,1)))),((13,15),((14,12),2))),11),((18,17),16))
((20,16),((18,17),(19,19)))
(((11,11),((((13,6),(15,5)),((14,12),2)),((((8,7),9),((3,(10,1)),(3,(10,1)))),4))),((19,17),((16,16),20)))
(((19,17),((20,16),(20,16))),(11,((2,((5,15),(6,(13,13)))),((((7,8),9),((3,(10,1)),((10,1),3))),4))))
((((20,16),(20,16)),(19,(18,17))),((20,20),(18,19)))
((((17,18),19),(20,16)),(11,((((13,6),(5,15)),(2,(12,14))),(((9,(7,8)),((3,(10,1)),((10,1),3))),(4,4)))))
(((((((12,14),2),((15,5),(13,6))),(((9,(8,7)),((3,(10,1)),((10,1),3))),4)),11),(((((12,14),2),((6,13),(5,(15,15)))),(4,(((8,7),9),((((10,1),3),((10,1),3)),(3,(1,10)))))),11)),((16,20),(17,19)))
(((16,((18,17),19)),(((18,17),19),(20,16))),(11,((((12,14),2),((5,15),(6,13))),(((((10,1),3),(3,(10,1))),(9,(8,7))),4))))
(((((((15,15),(5,5)),(6,13)),((14,12),2)),((((3,(10,1)),((10,1),3)),(9,(8,7))),4)),((11,11),11)),((20,16),(17,19)))
(((((((1,10),3),((3,(1,10)),(3,(10,1)))),((7,8),9)),4),11),(((20,20),16),(19,18)))
((4,4),(((15,5),((6,6),13)),((14,12),2)))
(((4,(2,((15,5),(13,6)))),(11,11)),((16,20),((17,17),18)))
(((18,17),19),(20,16))
(((16,20),((18,17),19)),(((((((7,8),((3,(10,1)),(3,(1,10)))),(((3,(1,10)),((10,1),3)),(9,(7,8)))),(4,4)),(((13,6),(5,15)),(2,(12,14)))),11),((((4,4),((9,(8,7)),(((1,10),3),((10,1),3)))),(((12,14),2),((13,6),15))),11)))
((11,((((13,6),(5,15)),((14,12),2)),(((9,(8,7)),(((3,(10,1)),(3,(1,10))),((8,7),9))),4))),((19,17),(16,20)))
((((((9,(7,8)),(((10,1),3),(3,(10,1)))),4),((2,(14,12)),(((13,6),(15,5)),((5,15),(13,6))))),11),(20,(19,(18,17))))
((((18,17),(19,19)),(16,20)),((((15,5),((13,13),6)),((14,(12,12)),2)),(4,(((7,8),9),(((10,1),3),((10,1),3))))))
((11,((4,(((3,(1,10)),((1,10),3)),(9,(7,8)))),(((13,6),(5,15)),((12,14),2)))),(((20,16),(19,17)),((20,16),(19,18))))
((((((((8,7),9),((10,1),(3,(1,10)))),(4,4)),((((7,8),9),(((1,10),3),(3,(1,10)))),4)),((13,6),(5,(15,15)))),11),(((20,20),16),(19,(18,17))))
(11,(((2,((12,12),14)),((15,5),(6,13))),(4,((((1,10),3),((10,1),3)),((8,7),9)))))
(((16,20),(17,18)),(11,((((((8,7),(8,7)),9),((3,(10,1)),(3,(10,1)))),4),(((6,13),(15,5)),((12,14),2)))))
((11,((2,(((15,15),5),(13,6))),(((9,(7,8)),(((10,1),3),((1,10),3))),4))),((17,(18,18)),(20,16)))
(((20,16),(18,17)),((((3,(1,10)),(3,(1,10))),(9,(8,7))),11))
((((((14,12),(2,(12,14))),((6,13),(5,15))),(((((3,(10,1)),((1,10),3)),((7,8),9)),((9,(7,8)),(((10,1),3),(3,(10,1))))),4)),11),((16,(20,20)),(19,(18,17))))
((11,((((9,(7,8)),((3,(1,10)),(3,(1,10)))),4),(((15,5),(13,6)),((12,14),2)))),((19,(17,18)),((20,16),(16,20))))
(((16,20),(19,((18,18),17))),(((((6,13),(5,15)),((12,(12,14)),2)),((((3,(1,10)),((1,10),3)),(9,(7,8))),(4,4))),11))
(((11,11),(((15,(13,6)),(2,(14,12))),((((3,(1,10)),(3,(1,10))),((7,8),9)),4))),(19,(17,(18,18))))
((((((9,(8,7)),((3,(10,1)),((1,10),3))),(((6,13),5),((14,12),2))),11),(((((14,12),2),((5,15),(6,13))),(4,((((10,1),3),((1,10),3)),(9,(8,7))))),11)),((19,(18,17)),(16,20)))
((18,17),(((4,(((2,(14,12)),(2,(12,14))),(15,(13,6)))),((((12,14),2),((6,13),(5,15))),4)),(11,11)))
((((18,17),((20,16),(16,(20,20)))),(((19,(17,18)),20),((19,(18,17)),(20,16)))),(11,((((((10,1),3),((10,1),3)),((8,7),9)),4),((2,(12,14)),((6,13),(5,15))))))
((((((15,5),(13,6)),(2,(12,14))),(((8,7),9),(((1,10),3),((10,1),3)))),11),((((((16,20),(16,20)),((17,18),19)),((17,18),((20,20),16))),((16,20),(18,(19,19)))),(((20,(20,20)),16),(19,(17,(18,18))))))
(((18,17),19),((20,20),16))
(((((16,16),16),20),(((17,18),19),17)),(((11,11),((((12,14),((5,15),(13,6))),(((13,6),(15,(5,5))),(2,(14,12)))),((((8,7),9),((3,(10,1)),(3,(1,10)))),4))),(((4,(((7,8),9),(((1,10),3),(3,(10,1))))),((((12,14),2),((14,12),2)),((13,6),(5,15)))),11)))
((((4,((((10,1),3),(3,(1,10))),((8,7),9))),((5,15),(13,6))),11),((16,(20,20)),(19,(17,18))))
((((((15,5),(13,6)),(14,12)),(((9,(7,8)),(3,(10,1))),4)),11),((16,20),16))
((19,17),(20,16))
((((17,18),19),(16,(20,20))),(11,((4,((((10,1),3),((10,1),3)),((7,8),9))),((2,(12,14)),((15,5),(13,6))))))
(((16,20),(19,(17,18))),(11,(((((8,7),9),((3,(1,10)),(3,(1,10)))),4),(((15,5),(6,13)),(2,(12,14))))))
(((((2,(14,12)),((6,13),(15,5))),(((9,(8,7)),((3,(10,1)),((1,10),3))),4)),11),((18,(18,19)),(16,20)))
(((11,(((2,(14,12)),((5,15),(13,6))),((((8,7),9),((3,(1,10)),((1,10),3))),4))),((11,(((4,(((3,(1,10)),(3,(10,1))),(9,(7,8)))),((((3,(1,10)),(3,(1,10))),(9,(8,7))),4)),((((13,13),6),(15,5)),(2,(12,14))))),(((4,((9,(7,8)),(((10,1),3),((1,10),3)))),((6,13),5)),11))),(((20,16),((18,17),19)),(((19,19),18),(16,20))))
((((20,16),(19,(18,17))),(((16,16),16),((((19,19),19),(18,17)),((17,18),19)))),((11,((((2,((14,14),12)),(2,(12,14))),((5,(6,13)),(2,(12,14)))),(4,((9,(8,7)),(((10,(1,1)),3),((10,1),3)))))),(((6,(2,(14,12))),(((9,(7,8)),((3,(10,1)),((1,10),3))),4)),11)))
((((4,((((1,10),3),(3,(1,10))),((7,8),9))),((5,(6,13)),((12,14),2))),11),((17,19),((20,16),(20,16))))
(((((15,5),(6,13)),(2,(12,14))),(4,((8,9),((3,(10,1)),((10,1),3))))),((16,20),((17,(18,(18,18))),(19,19))))
((16,20),(((9,(7,8)),(((1,10),(3,3)),(3,(10,1)))),((2,(14,12)),((5,15),(13,(6,6))))))
((20,(19,(17,18))),(11,(((2,(14,12)),(15,(13,6))),((((9,(7,8)),((3,(10,1)),(10,1))),(((3,(1,10)),(3,(1,10))),(9,(8,7)))),4))))
(((20,16),((19,19),(18,17))),(11,(((((7,8),9),(((1,10),3),((10,1),3))),4),((2,(14,12)),((5,15),((6,6),13))))))
((((((2,2),(12,14)),((15,5),(6,13))),(((9,(7,8)),(3,(10,1))),4)),11),((18,17),(((18,17),19),(16,20))))
(((17,18),19),(20,16))
(((((5,(6,13)),((12,14),2)),(4,((9,(8,7)),(((10,1),3),((10,1),3))))),11),(16,(17,18)))
((4,((4,4),4)),(11,11))
(((((((15,5),(6,13)),((12,14),2)),(((12,14),2),((5,5),(6,(6,6))))),(((9,(8,7)),(((1,10),3),(3,(1,10)))),4)),(11,11)),(((16,(20,20)),19),((16,20),(19,(18,17)))))
((((((10,1),3),((1,10),3)),(8,9)),4),((18,(18,19)),(20,16)))
(((16,20),(17,18)),((11,((4,4),((((1,10),3),(3,(10,1))),(9,(7,8))))),((11,11),((((6,13),(15,5)),((14,12),2)),(4,(((3,(10,1)),(3,(1,10))),(9,(7,8))))))))
(((20,20),16),((19,(17,18)),(18,17)))
(((((4,4),(((7,8),9),((3,(1,10)),(3,(10,1))))),(((5,15),(13,6)),(2,(12,14)))),11),((19,(17,18)),16))
(11,((((15,5),(13,6)),((12,14),(2,2))),(4,((9,(7,8)),((3,(1,10)),((1,10),3))))))
((((((14,12),2),((13,6),(5,15))),(((8,7),9),(((1,10),3),(3,(10,1))))),(11,11)),(20,(19,(18,(17,17)))))
(((((((((1,10),3),((10,1),3)),((8,7),9)),((((10,1),3),(3,(1,10))),((7,8),9))),4),((2,(14,12)),((13,6),(5,15)))),11),((18,19),((16,20),(20,16))))
(((16,(20,16)),(19,(18,17))),(((4,11),(11,((((13,6),(15,5)),((14,12),2)),((((8,7),9),((3,(1,10)),((1,10),3))),4)))),(11,(4,(((14,12),2),(15,5))))))
((((20,16),(19,17)),(((17,18),19),(16,20))),(11,((((5,15),(6,13)),((12,14),2)),(4,((((1,10),3),(3,(10,1))),(9,(7,8)))))))
((((((((3,(1,10)),((1,10),3)),(7,8)),((9,(7,8)),(((1,10),3),((10,1),3)))),(((12,14),2),(5,(13,6)))),11),(11,((((13,6),(15,5)),(12,14)),(4,(9,(((1,10),3),((1,10),3))))))),((20,16),(19,(17,18))))
((11,((((14,12),2),(((6,13),(5,15)),(5,(13,6)))),(4,(((8,7),9),((3,(1,10)),(3,(10,1))))))),(((20,16),(18,18)),((20,16),(19,18))))
((((((5,5),(6,13)),(2,(14,12))),(((9,(7,8)),((3,(10,1)),(3,(10,1)))),4)),(11,11)),((19,((17,17),18)),(16,16)))
(((11,11),(((((1,10),3),((10,1),3)),(4,4)),((2,(12,14)),((6,13),(15,(5,5)))))),(19,((17,17),18)))
((20,16),(19,(17,18)))
(((20,16),(19,(17,18))),(((((5,15),((13,13),6)),((14,12),2)),(4,((((1,10),3),((10,1),3)),((7,8),9)))),11))
((20,16),((18,17),((19,19),(19,19))))
((((20,16),(20,16)),(19,(((18,18),17),(18,17)))),(((18,17),19),((18,17),19)))
(((17,18),(19,19)),(16,20))
(((20,16),((18,17),19)),((((((15,15),5),(13,6)),((2,(14,12)),(2,(12,(14,14))))),((4,4),(((9,9),(8,7)),((1,3),(3,(1,10)))))),11))
(((19,(18,17)),16),((((2,((5,15),((6,6),13))),(4,((((3,(10,1)),((10,1),3)),((1,10),3)),(9,(7,8))))),(11,11)),((11,(11,11)),((((2,(14,(12,12))),(2,(14,12))),((15,5),(13,6))),((((3,(1,10)),((10,1),3)),(9,(7,8))),4)))))
((16,(19,17)),((((((14,12),2),((5,15),(13,(6,6)))),((((7,8),9),((3,(1,10)),((1,10),3))),4)),(11,11)),((11,11),((((((6,6),13),(5,15)),(2,(12,14))),((5,(13,6)),(2,(14,12)))),((((7,8),9),((3,(1,10)),(3,(1,10)))),4)))))
(((20,16),(((17,17),18),19)),(11,((((7,8),9),((3,(1,10)),((10,1),3))),(((12,14),2),((15,5),(6,13))))))
(((17,(18,18)),(19,19)),(11,(((((3,(1,10)),((1,10),3)),((7,8),9)),4),((2,(12,14)),(((5,5),15),(13,6))))))
((((((3,(1,10)),((10,1),3)),((7,8),9)),4),((6,13),(15,5))),11)
(((((19,17),(20,16)),((19,(17,18)),((18,17),19))),((20,16),((17,(18,18)),((19,19),19)))),(11,((((3,(10,1)),((1,10),3)),((7,8),9)),4)))
(11,(4,(((6,13),(5,15)),(2,(12,14)))))
((((19,(18,17)),(16,20)),((19,(18,17)),(20,16))),((((13,6),(5,15)),2),(4,(((3,(1,10)),((1,10),3)),(9,(7,8))))))
(11,((16,20),19))
(((((((15,5),(13,6)),((12,14),(2,2))),(((((1,10),3),(3,(10,1))),(9,(7,8))),4)),11),(((((15,5),(6,13)),(2,(12,14))),((4,4),(((8,7),9),((3,(1,10)),((10,1),3))))),11)),((18,17),(19,19)))
((((20,(16,16)),(19,(17,(18,18)))),(((16,20),((18,17),19)),((19,((17,(17,17)),18)),(20,16)))),(((((13,6),(5,15)),((14,12),2)),((((3,(10,1)),(3,(1,10))),((7,8),9)),4)),(11,11)))
(((16,20),(((19,19),(18,17)),((20,20),16))),((4,(((13,6),(5,15)),(2,(14,12)))),(11,11)))
((11,((4,((9,(7,8)),((3,(1,10)),((1,10),3)))),((2,(12,14)),((15,5),(6,13))))),((((18,17),(19,19)),(16,20)),((16,20),(18,19))))
((4,((7,8),9)),(((5,15),(13,6)),(2,(14,12))))
(((16,20),((17,18),19)),(((4,((((1,10),3),(3,(10,1))),((7,8),9))),(((14,12),2),(5,15))),11))
(((19,(19,19)),(16,20)),(11,(((2,(12,14)),(6,(5,15))),((4,4),((3,(10,1)),((1,10),3))))))
((((18,17),19),(20,16)),(11,(((2,(12,14)),((6,13),(5,15))),((9,((3,(1,10)),((10,1),3))),(4,4)))))
((((((3,(1,10)),((1,10),3)),(9,(8,7))),((6,(5,(15,15))),(2,(12,14)))),11),(((16,20),(19,(17,(18,18)))),((16,20),((19,19),(18,17)))))
((11,((4,((9,(7,8)),(((1,10),3),(3,(1,10))))),(((5,15),(13,6)),(2,(14,12))))),(((19,19),(18,17)),((16,20),(20,16))))
(((16,20),((18,17),19)),(11,(((15,((6,13),(6,13))),(2,(12,14))),((4,4),(((7,8),9),(((10,1),3),((10,1),3)))))))
(((11,((((14,12),2),((13,6),(5,15))),((((3,(1,10)),((1,10),3)),((7,8),9)),4))),(((((9,(7,8)),(((10,1),3),(3,(1,10)))),(4,4)),(2,(12,14))),11)),(((18,17),19),(16,20)))
((((17,18),19),(20,16)),(11,((2,((12,12),14)),(((9,((7,8),(8,7))),(((1,10),3),((10,1),3))),4))))
